<Field 3:Samples 9>								
0	0.039567	0.238153	0.047408	0.047439	0.052253	0.051268	0.022572	0.192921
0.039567	0	0.25711	0.036306	0.011549	0.019979	0.040216	0.038631	0.197175
0.238153	0.25711	0	0.261164	0.263136	0.26483	0.25879	0.242903	0.319042
0.047408	0.036306	0.261164	0	0.032198	0.037785	0.04407	0.050095	0.204503
0.047439	0.011549	0.263136	0.032198	0	0.00936	0.034542	0.04482	0.198351
0.052253	0.019979	0.26483	0.037785	0.00936	0	0.036672	0.051031	0.201524
0.051268	0.040216	0.25879	0.04407	0.034542	0.036672	0	0.058488	0.199364
0.022572	0.038631	0.242903	0.050095	0.04482	0.051031	0.058488	0	0.196875
0.192921	0.197175	0.319041	0.204503	0.198351	0.201524	0.199364	0.196875	0
