<Field 7:Samples 8>							
0	0.014409	0.014093	0.181327	0.017561	0.014959	0.016873	0.013588
0.014409	0	0.004531	0.171955	0.006713	0.00315	0.0041	0.002742
0.014093	0.004531	0	0.17287	0.008321	0.005151	0.007066	0.004349
0.181327	0.171955	0.17287	0	0.177188	0.172084	0.172085	0.173217
0.017561	0.006713	0.008321	0.177188	0	0.00705	0.008965	0.003981
0.014959	0.00315	0.005151	0.172084	0.00705	0	0.003986	0.003078
0.016873	0.0041	0.007066	0.172085	0.008965	0.003986	0	0.004994
0.013588	0.002742	0.004349	0.173217	0.003981	0.003078	0.004994	0
