<Field 6:Samples 7>						
0	0.991722561	0.076076613	0.578675452	0.004064379	0.448771566	0.015072435
0.991722561	0	0.992217309	0.993648064	0.991689931	0.994569951	0.991684253
0.076076613	0.992217309	0	0.595015188	0.072573296	0.470010865	0.07546471
0.578675452	0.993648064	0.595015188	0	0.577622838	0.415138603	0.577439991
0.004064379	0.991689931	0.072573296	0.577622838	0	0.4474037	0.011082367
0.448771566	0.994569951	0.470010865	0.415138603	0.4474037	0	0.447166097
0.015072435	0.991684253	0.07546471	0.577439991	0.011082367	0.447166097	0
