<Field 2:Samples 10>																																																				
0	0.319833643	0.293109753	0.26239374	0.59358218	0.451607541	0.43486412	0.200630981	0.284191849	0.670204041																																											
0.319833643	0	0.037810587	0.118157565	0.368235048	0.375997228	0.213251037	0.393834928	0.168117541	0.471205619																																											
0.293109753	0.037810587	0	0.115312342	0.376415593	0.381784921	0.221768828	0.393133732	0.172098731	0.475902623																																											
0.26239374	0.118157565	0.115312342	0	0.426839333	0.32220511	0.283327792	0.341878762	0.086764191	0.510509404																																											
0.59358218	0.368235048	0.376415593	0.426839333	0	0.537644746	0.318346182	0.596755303	0.378523312	0.31648139																																											
0.451607541	0.375997228	0.381784921	0.32220511	0.537644746	0	0.415328519	0.457082652	0.281147414	0.366469134																																											
0.43486412	0.213251037	0.221768828	0.283327792	0.318346182	0.415328519	0	0.372517137	0.228074169	0.466843881																																											
0.200630981	0.393834928	0.393133732	0.341878762	0.596755303	0.457082652	0.372517137	0	0.293491818	0.673661841																																											
0.284191849	0.168117541	0.172098731	0.086764191	0.378523312	0.281147414	0.228074169	0.293491818	0	0.501490748																																											
0.670204041	0.471205619	0.475902623	0.510509404	0.31648139	0.366469134	0.466843881	0.673661841	0.501490748	0																																											
																																																				
																																																				
																																																				
																																																				
																																																				
																																																				
																																																				
																																																				
																																																				
																																																				
																																																				
																																																				
																																																				
																																																				
																																																				
																																																				
																																																				
																																																				
																																																				
																																																				
																																																				
																																																				
																																																				
																																																				
																																																				
																																																				
																																																				
																																																				
																																																				
																																																				
																																																				
																																																				
																																																				
																																																				
																																																				
																																																				
																																																				
																																																				
																																																				
																																																				
																																																				
																																																				
																																																				
