<Field 7:Samples 8>							
0	0.039369786	0.039370739	0.324730837	0.04400863	0.039355589	0.039305729	0.033115249
0.039369786	0	0.013239647	0.304148271	0.018182148	0.000155807	8.27E-05	0.006697001
0.039370739	0.013239647	0	0.310022105	0.018143227	0.013230167	0.013171925	0.006628768
0.324730837	0.304148271	0.310022105	0	0.314311734	0.304097932	0.304114817	0.308715893
0.04400863	0.018182148	0.018143227	0.314311734	0	0.018167378	0.018112532	0.011653226
0.039355589	0.000155807	0.013230167	0.304097932	0.018167378	0	8.14E-05	0.006679167
0.039305729	8.27E-05	0.013171925	0.304114817	0.018112532	8.14E-05	0	0.006628512
0.033115249	0.006697001	0.006628768	0.308715893	0.011653226	0.006679167	0.006628512	0
